-12 81 16
69 2 36
-83 -44 34
10 -21 79
11 79 -79
-58 -99 10
20 -33 -53
-2 96 -89
-30 -98 -66
-52 -94 -35
97 65 -54
38 -99 9
2 -77 32
-84 7 27
-98 -33 84
72 -27 -13
30 11 78
49 -83 -19
93 -84 -69
-47 -75 94
17 15 -70
-55 27 50
-19 -99 -23
-23 -80 -65
-98 -42 -41
-30 82 95
-51 8 -36
-2 16 9
-41 20 60
-58 24 96
21 16 -51
-46 -23 -72
5 -76 -34
-68 -82 0
-83 -64 -99
52 -4 92
-49 52 100
22 13 -22
-45 7 -52
65 -90 28
49 54 -16
-21 45 -65
-69 49 -71
74 9 34
-31 93 83
90 38 -78
86 67 7
-68 -14 83
-46 -47 44
-52 -95 -32
53 69 82
-43 -14 7
1 1 28
-16 -79 88
54 90 53
51 -2 13
23 1 -87
-5 -60 29
88 86 53
-79 53 83
50 59 33
-6 75 -80
26 55 91
89 7 56
-40 -38 86
-90 56 -57
-37 -41 36
93 -17 100
9 -74 16
-20 18 57
-32 -1 -58
-33 -99 -5
34 58 -82
22 -49 23
-73 32 -88
77 98 68
42 -38 -7
30 -77 8
18 -43 32
96 86 -48
42 -42 -8
32 -65 23
33 85 42
72 -100 -39
-4 -66 -33
-84 94 14
100 68 31
-26 23 -29
5 -45 -29
87 5 -96
-64 30 -13
-12 -55 69
-69 44 -69
-66 51 61
25 60 4
30 33 -35
94 -59 -70
-42 18 -55
-99 -34 59
-72 -1 -44
93 30 -67
84 -24 -77
79 -71 18
-60 2 53
82 -79 -38
56 -84 28
-64 73 -17
34 38 -59
-27 -70 8
54 -58 -89
81 -40 23
17 -55 40
10 -78 47
-18 33 -82
-18 -5 13
-61 1 27
48 -72 20
-20 86 48
97 -48 22
91 31 -91
-20 92 21
60 96 -82
-30 55 -58
-51 -70 -65
-1 82 -83
-46 11 -11
56 -5 88
31 -72 71
-1 -68 -7
71 65 61
-15 48 -45
46 32 -53
-23 83 -76
-60 -81 -57
25 42 -96
17 -25 -21
100 -47 53
-82 88 -69
50 -29 -7
42 30 -68
-23 -5 -13
40 -63 -53
-39 57 -92
-50 45 -64
-70 62 49
-92 93 16
50 -52 -30
91 -67 -80
64 -91 69
-50 6 -90
-59 99 -9
-83 98 84
50 -44 55
-31 92 51
79 -55 57
32 -57 69
-98 54 -48
-9 -18 73
75 40 13
-51 -3 -72
43 78 68
91 -80 -40
77 36 88
29 -9 12
-93 12 -100
98 33 -13
60 16 11
18 -3 90
-23 -54 49
88 92 -77
-33 65 -27
71 -23 -38
-58 -58 13
-10 -80 -75
70 59 94
-51 93 -27
66 58 -30
-26 84 62
31 48 45
-37 64 -5
23 -3 29
-45 -55 12
51 -87 -6
-19 -96 86
81 -12 -8
-90 -39 84
-23 1 41
-39 67 -81
-43 61 26
-64 -37 -35
-58 49 -90
26 -47 53
-36 15 85
96 -10 89
83 -97 -24
-48 100 -67
-6 -82 -33
50 89 11
-38 -26 18
-41 55 55