20 -36 -27
-87 20 -52
58 50 76
6 24 -39
72 -90 -57
-69 37 -100
66 -95 80
31 -74 -7
52 -3 51
-60 -82 -53
-48 32 -19
23 -36 40
82 88 -25
7 -48 -81
-99 -80 24
89 -78 86
54 72 23
-21 -49 -11
61 73 48
89 -16 -22
-99 18 83
-11 0 -32
52 -39 93
-58 36 61
-52 39 71
85 -48 -8
-66 58 79
77 -74 71
-12 -24 79
10 -42 -10
73 -4 14
-69 -6 -86
38 87 -60
-96 -58 9
96 -4 61
-82 16 -69
-45 76 -9
-40 98 92
-2 68 72
-67 87 11
-96 51 20
47 40 85
47 53 -82
50 -34 33
78 84 -71
43 -40 -93
51 93 -96
79 25 -36
-24 85 76
14 28 -95
-69 -70 -100
13 -61 -80
-63 -41 -68
82 -62 -73
71 54 -76
49 31 69
-21 -60 -97
-67 41 35
76 70 42
26 10 86
69 22 -45
56 8 14
-36 -34 25
-65 52 -58
57 -16 21
24 70 84
8 -11 -72
-39 -89 -32
-34 72 -84
-64 87 67
85 15 -30
-94 33 -77
-24 -3 56
72 -3 96
-58 -2 -90
66 4 -64
75 64 -8
-37 76 93
43 63 65
8 27 48
-20 -32 -11
66 76 87
-48 -84 3
73 -17 64
-85 3 38
63 -6 30
18 -62 63
-45 39 -8
-37 57 76
7 74 -39
14 -49 58
70 30 49
89 -33 23
59 -29 -33
-59 -85 6
-82 -94 7
76 -85 86
-89 -68 17
-93 -77 12
-23 21 -45
-90 -62 -4
24 -81 -90
-51 -75 96
59 77 16
24 -3 -58
-56 71 1
31 -70 3
-39 52 79
-45 1 88
54 91 -46
93 -2 56
51 25 91
44 30 87
-8 -50 -32
51 -93 -23
62 9 12
76 99 11
-21 70 -6
-27 17 -40
-36 -11 -99
-50 96 -70
-45 -40 84
50 29 -33
-53 22 97
68 -16 20
80 -84 66
-8 -74 -46
-44 -35 -54
62 41 -75
43 -53 43
-71 61 15
95 -4 21
48 -61 -45
-55 99 -15
-68 21 33
97 -40 -65
-11 100 -35
30 5 10
-66 64 16
-82 8 13
87 72 -41
-63 -34 49
-43 -96 -96
-9 -64 -2
-81 67 31
-100 1 -15
-24 -79 16
60 8 18
-86 -7 68
15 52 34
-63 -64 -72
-13 31 11
-42 42 -87
74 88 -81
-95 -9 -26
89 -62 15
98 36 85
-84 95 18
22 -70 -84
-73 52 -80
-56 2 49
-47 -27 -1
29 -21 13
-46 -15 -67
-76 -97 -92
-35 86 -44
99 -30 23
-92 38 61
-28 59 -61
-57 21 -67
73 -51 -52
14 91 -44
-98 37 -46
2 30 54
96 37 -98
-4 93 10
-74 -26 -24
-58 29 -23
79 -78 80
42 100 -22
8 19 51
-93 -19 64
36 -18 -40
-91 -79 70
-33 4 6
83 100 -34
-68 62 60
20 48 29
-51 90 -2
-80 -90 43
58 -98 28
98 8 52
31 -61 78
6 -42 -86
-28 26 53
73 74 -96
-67 63 14
89 -99 -18
21 82 -9
1 82 -87