36 -96 1
-67 -4 -35
-93 81 -45
23 22 -48
89 52 59
-46 -14 -91
98 92 12
36 57 -83
-53 -63 10
-100 -89 -48
-52 16 85
86 -78 21
-6 -89 12
-64 76 85
-98 87 -100
22 59 -20
-65 -43 88
-34 -92 -78
78 7 -41
-39 -45 15
55 92 -63
-25 -42 29
43 65 81
-70 -96 4
-9 91 -41
14 -88 3
-42 75 -60
67 61 3
-44 56 39
68 -42 -92
4 -90 -76
46 89 -24
26 -26 -4
-95 83 100
-99 -93 -36
10 64 99
19 72 68
55 100 72
70 10 65
66 -7 49
47 48 -55
12 -5 -59
-16 62 -66
-45 37 -66
-19 -6 25
-78 -78 -8
94 26 79
8 31 -21
-12 -7 -30
-50 -90 72
-69 -59 -13
20 -38 88
-95 -2 -92
-91 -17 -15
37 73 -57
85 22 -30
69 -14 -42
41 -88 79
-19 -49 51
56 56 -79
-61 95 -41
-7 15 85
67 55 77
-68 72 51
-51 -100 94
-1 99 -71
-53 4 73
-64 -22 -68
-74 40 0
-87 1 81
20 -25 -42
39 96 76
38 68 98
-37 86 -56
-1 47 89
-99 -89 -67
-55 -15 -6
31 68 -20
97 20 80
-51 65 58
15 71 -9
95 -42 -93
89 -78 24
12 -99 14
84 -52 -61
-85 -99 -2
26 37 -51
7 57 -96
67 45 65
-19 -92 -49
83 19 -59
36 96 12
87 1 -10
-98 16 -59
-59 -45 -20
-72 56 -95
-15 -9 -20
8 -59 28
-48 -95 -56
54 64 31
-85 92 80
75 -99 -28
-98 9 60
-95 -18 27
-75 80 -88
66 77 -28
35 -83 -20
79 -55 96
-65 -4 28
-27 39 -68
96 -68 -32
-94 1 -55
75 70 -13
-98 -24 -96
-38 -50 -74
34 -82 -11
16 75 74
100 9 46
-97 99 98
-63 -67 94
-30 -17 -29
-21 -86 21
-95 -3 -73
-86 -63 63
81 -20 -54
-20 67 21
83 95 27
-99 95 31
69 74 64
-48 -30 -24
45 80 13
-86 -74 30
-43 -40 -29
36 -31 80
-26 -13 8
-1 70 52
64 33 -47
100 -95 26
-57 -50 9
-63 51 -69
61 -70 57
3 -76 24
11 69 76
-53 100 -87
2 -55 -72
-59 -47 -68
-14 -34 -95
77 87 64
11 -91 -30
-73 -35 9
97 64 57
-85 -14 -28
-83 10 -100
27 16 83
-94 -66 87
78 51 -94
77 35 74
-56 38 -63
67 0 77
-88 59 85
-78 44 74
-89 1 -63
-40 -54 85
-47 86 -8
93 -21 -64
25 -52 27
10 29 -92
63 14 68
-9 -4 99
62 2 88
2 -23 -46
10 57 -7
-89 95 32
-84 -18 -64
75 -21 -10
-70 34 -17
-6 -46 -98
-10 -46 56
24 56 -49
32 -10 -69
54 -27 -89
14 -13 54
-59 -43 -29
-21 -28 -78
29 28 -6
-43 -35 -73
-21 26 80
8 26 20
80 -37 31
70 -23 14
-13 56 68
15 28 46
25 -82 46
4 -62 78
67 57 -69
-95 -4 34
34 60 66
32 -48 -72
-86 86 -69
14 80 -78