3 -89 -55
13 51 -53
-100 -36 -56
-59 -89 78
-68 -25 -71
51 39 23
40 66 -12
-94 -94 -89
13 48 -92
-98 -92 -60
-62 56 16
79 -65 -75
-21 -12 -1
-98 75 51
91 66 50
-56 75 68
-6 41 -90
45 -11 -65
23 24 -66
100 -29 -74
-12 -44 97
-27 94 68
51 65 -10
63 -87 48
34 -18 -48
-10 -54 -47
-48 -74 90
2 15 -89
-40 -79 77
-30 59 1
94 -38 -78
-16 -49 4
-37 31 8
49 5 -18
-43 25 90
47 92 34
54 63 -71
93 99 -45
-29 -47 0
-85 25 2
-3 66 68
-46 16 26
30 -61 31
97 -61 25
-98 60 -52
97 -5 -44
-80 -91 -32
32 82 61
57 -66 25
1 -30 86
-38 3 33
14 -83 -7
-48 -7 -28
-1 -30 5
-11 94 -73
88 43 -25
-39 25 67
79 57 -92
11 -8 70
-34 30 26
-86 64 86
-89 -88 -58
82 -92 -13
81 -66 56
-78 83 -68
-91 100 -28
97 22 74
-53 -19 -56
56 38 42
70 -81 83
65 -61 28
5 -73 -96
55 -53 25
74 -59 -24
1 26 92
51 -49 49
4 94 99
27 80 24
-73 59 74
51 9 -75
42 97 29
4 81 -58
-70 4 -54
-77 12 21
-1 58 -30
58 -41 24
54 53 6
-66 -52 45
1 -64 -6
-88 -25 91
70 48 -46
17 41 22
18 -1 51
70 -64 -45
-57 5 -84
16 -49 -40
70 -94 66
-16 21 78
71 -46 -68
-34 86 -55
4 -31 98
-48 38 53
24 -62 -55
6 -31 13
57 -82 -66
37 26 15
-14 -26 50
4 26 75
-61 -16 3
83 24 -7
-80 -72 -28
17 90 13
-60 1 -55
48 -62 73
90 -8 -7
91 -82 70
15 -78 27
-11 -26 13
4 75 37
27 1 17
-90 87 47
-7 64 37
-45 31 -16
54 -32 -14
54 12 -74
-6 -90 -70
42 -3 -44
94 -57 -63
-4 25 82
99 -70 62
47 -38 81
-93 27 2
19 -63 -66
64 -40 -1
81 -76 96
-66 -81 63
40 -95 81
58 73 -16
-69 -6 -57
-86 -49 -3
29 35 35
-9 -95 -88
34 -28 -36
-81 -28 12
-88 21 99
-11 51 36
16 84 80
65 22 31
-28 -58 96
-21 -100 -29
-63 -40 95
-9 -19 0
14 -47 71
49 -27 78
-63 12 -18
89 51 49
77 0 -100
-14 -7 59
72 53 18
10 73 -44
36 56 -25
-68 70 76
15 -53 -93
70 -47 -59
-93 -4 18
55 -52 -31
-23 -92 88
24 -37 -64
25 -75 61
-14 -46 -88
5 33 -31
35 23 -16
55 -85 -7
17 -40 -94
-80 86 -17
-43 -75 -33
88 25 -51
-76 -23 -21
-91 -53 70
-97 29 51
88 88 -45
-39 5 -30
52 -55 -75
44 83 50
9 90 22
67 2 -64
87 19 -81
14 50 -10
6 42 -22
86 -91 17
42 -4 94
54 -86 -69
-95 -89 58
-10 -70 76
-24 -70 -42
52 -71 19
-82 -1 34
-69 57 87
-22 -51 -5
82 -87 50