-18 93 -15
-66 19 22
-12 -14 -97
-92 53 24
76 -80 79
-25 -4 8
-55 13 66
-87 42 63
-43 -26 60
-14 -47 50
-15 -15 0
-58 -43 -98
70 -94 -10
7 -99 -8
73 -89 -58
-6 -72 -38
-45 -31 -31
69 -62 -69
94 20 -36
27 38 31
32 11 -20
86 -56 -21
80 94 38
-90 74 -78
81 5 -42
42 85 -9
-44 94 -41
-55 -64 -55
0 3 84
42 84 -33
64 -47 -22
-91 -2 -23
64 7 90
40 70 -76
86 97 75
-34 -16 -36
14 -86 -64
29 -16 -68
-5 -57 92
-24 34 34
-9 -80 -76
-38 85 -11
74 -59 75
20 -49 22
89 -56 18
-55 -5 -96
41 -29 23
45 -50 71
91 -67 -94
-78 19 -21
77 -85 29
10 14 32
24 -18 -58
-94 -34 15
30 55 -27
54 -42 -77
16 27 29
88 -31 -32
4 -44 -9
-72 67 67
-54 53 82
78 14 -63
-58 55 39
-78 68 25
-10 -31 -68
-95 -5 30
-73 -67 -11
-50 72 92
71 -37 7
76 83 -97
77 -89 25
-89 15 -57
21 11 -49
76 -58 -73
28 -84 71
66 67 78
-32 -56 61
-74 34 68
-80 97 -74
-3 14 62
16 29 -45
-64 -38 -17
-29 -31 5
-67 89 98
-98 14 -76
24 1 79
64 27 98
-37 7 81
-72 -17 -74
-25 98 -64
-30 -19 -82
81 -50 -26
31 -27 -33
74 -14 -2
29 44 74
-97 -21 50
39 -28 -18
-51 -62 -59
-56 35 -70
81 87 -76
-92 -68 -36
-38 -7 22
-84 -18 89
93 -65 7
53 91 63
-3 -33 -14
-81 -65 -78
-92 87 -14
26 40 -36
60 -41 -58
-13 98 68
40 -16 -40
93 3 -58
74 -52 40
-77 -33 -44
84 99 -21
68 -31 11
61 43 35
64 14 66
94 79 85
8 -50 49
-7 35 10
-54 -17 -37
-25 -85 -93
-7 7 98
3 -75 61
68 -42 30
46 19 56
76 -96 26
62 -81 57
10 61 -64
73 -84 45
57 73 88
80 -1 90
-35 73 -18
81 -42 -12
52 86 -93
42 71 92
41 -11 -52
58 -98 100
36 -47 8
1 68 80
41 34 -71
-33 -40 -62
72 76 13
-75 32 46
100 62 -96
20 -3 77
-14 95 88
-27 68 26
34 50 12
-85 40 -38
7 -83 98
82 36 -88
29 -97 -74
73 25 -57
42 -25 56
-9 -90 -85
-94 71 -71
-70 93 -25
-87 -55 -17
-46 30 -38
-7 28 14
-49 -20 65
-86 36 91
-48 -42 5
-27 -44 67
37 67 -10
-31 29 53
-39 29 -45
98 -9 21
-70 -64 33
29 16 67
-58 31 -83
5 -9 77
-53 48 -92
58 -13 45
-57 -62 92
100 -71 49
-3 49 25
-14 38 77
71 5 -100
90 15 -68
74 -16 87
51 -41 95
18 6 -48
-67 43 -38
-64 53 12
53 94 30
-97 -8 60
-65 -96 65
-65 -81 99
-51 -34 74
1 15 52
-10 87 -44
12 8 47
-48 59 89
65 93 -44
30 33 -22
-100 65 60