-97 42 -24
-43 95 85
21 12 -5
29 -83 16
-70 -65 46
17 79 -2
-95 -80 -70
-43 -15 -70
-76 -52 21
6 53 48
-82 -2 -44
-26 46 -92
86 42 -87
-9 -34 -10
83 43 100
17 26 -18
37 41 -15
26 -65 36
-5 43 15
8 92 79
-27 -24 36
-52 0 75
41 13 -2
27 38 54
-56 -66 47
4 -97 90
-72 -56 -98
58 43 99
-88 -22 33
39 -19 25
-70 -51 18
19 -36 -12
-62 -53 84
77 -18 -14
-44 69 84
-44 -100 -47
-89 24 68
-93 26 -48
-91 8 -13
-35 -85 7
-83 82 44
44 32 -2
-8 43 -39
1 99 51
-57 -71 -57
-61 16 -74
-33 -91 45
-11 85 -88
22 30 26
-30 65 57
-25 78 -26
47 -46 -47
20 34 -99
77 -82 38
41 12 -43
-24 10 20
22 -84 -30
13 -9 53
-66 44 -24
-18 56 -39
-9 27 85
30 -14 -3
1 -1 -43
-66 12 -95
-77 45 88
10 76 -55
66 -93 77
-2 63 -27
28 -20 79
39 41 -95
81 73 12
-71 10 80
47 -11 -51
39 4 8
-42 -23 -33
15 27 17
-93 -71 -53
46 -4 31
21 18 -27
17 -81 78
42 80 -2
-37 -81 -89
47 84 -78
85 -28 95
71 56 81
-7 -98 -77
70 -47 40
-62 12 -90
94 65 24
-66 41 -89
-39 -30 65
-21 -68 28
78 27 19
-45 37 -70
76 -84 38
-28 63 97
63 -54 40
90 25 53
-68 36 -78
-50 92 46
-8 -95 36
-15 72 75
14 -7 30
8 55 37
-94 -24 71
4 -34 -59
83 62 42
49 -13 26
-13 66 -96
-12 -73 -75
42 31 -34
-66 91 30
95 39 6
-43 86 87
1 -72 86
52 -1 3
78 46 47
-66 95 -3
-22 -74 10
59 39 -15
13 24 -81
99 72 21
-7 52 23
-75 75 -70
-92 -6 40
59 26 -2
-94 89 -34
61 -8 -26
-44 -56 91
82 -41 -3
-36 89 -54
85 -7 5
-12 94 -76
51 27 -18
22 89 -51
-55 54 -82
32 33 79
5 -15 52
46 -98 24
36 34 -64
56 -48 29
-8 -20 -86
-60 58 -43
-42 -15 65
-54 59 57
-55 19 57
54 19 82
-20 -1 13
69 -13 88
83 -22 18
-67 74 -97
86 -96 50
17 -55 71
96 -5 -66
9 -30 75
-7 14 -46
97 -67 -35
-57 18 54
-24 -63 -85
-87 91 -89
-56 27 -78
16 64 50
-22 48 43
-26 -100 -91
84 15 -71
-100 -7 21
-65 -81 -67
85 37 94
-41 56 -53
-58 -10 -9
-46 44 -67
-3 -43 47
74 -6 -48
26 -94 13
-38 37 -31
-95 8 21
-66 -29 99
-24 52 95
32 -77 87
-7 61 -77
-69 58 -95
-33 24 43
25 -30 26
-41 53 52
-81 57 25
-54 -25 -3
27 -56 18
60 -17 24
-71 62 32
-57 47 54
75 -70 -60
47 77 14
-46 90 -81
-44 3 82
15 57 76
97 54 64
-9 -37 79
-71 15 -99
100 81 24
-37 44 83