-31 27 -15
-33 -11 -1
-73 -25 -61
44 56 100
43 -9 -88
-1 22 -84
56 -45 72
-9 -21 75
-27 -93 -24
-67 -32 73
-15 -63 39
-99 -9 -46
19 34 29
56 64 16
66 48 -47
13 -77 88
88 96 34
-73 46 -53
69 -71 12
81 -51 96
-50 -33 97
-60 -90 40
-83 -19 -56
-36 81 -60
71 -97 7
-2 -93 -45
-61 -22 66
3 29 28
-95 3 1
76 -87 16
-14 31 -71
-92 -67 -42
-84 24 6
71 47 -85
95 -74 -10
-7 -51 84
54 -62 -19
-35 14 13
90 59 15
8 -56 -48
-72 100 66
-56 42 47
-21 -91 55
7 -86 -15
-36 84 3
-26 -98 -20
-16 -22 -84
-35 -7 -10
66 78 85
-50 -90 -77
-10 35 -13
-84 -7 -10
-18 45 27
-37 -17 -46
-67 43 -75
-28 59 83
-37 -61 17
-95 -33 -66
20 31 17
-46 -92 -3
91 -6 -45
38 72 48
-20 56 20
41 -7 -80
38 12 -54
93 -94 -27
23 88 1
-56 -23 32
67 32 42
-76 -62 -9
61 15 27
-41 -38 -73
48 62 65
-17 -3 76
-92 26 18
-75 82 -67
62 -27 -9
76 -93 66
16 70 32
-53 -48 -66
-38 -77 72
-20 -50 53
56 -84 43
-82 -94 -45
-86 84 -73
-18 0 32
68 -89 -81
-48 -28 -20
53 -37 93
68 54 60
-41 -19 96
98 87 4
78 2 13
42 53 -16
-18 90 -56
83 -81 -81
-81 62 66
-91 -26 -7
86 -27 57
93 -3 27
95 47 -6
19 13 29
73 -55 -17
31 -94 12
-55 5 -23
67 38 3
75 24 -19
-57 45 -39
78 54 -19
65 30 -95
-68 85 81
69 -93 54
55 50 8
9 4 57
-50 -43 53
-70 16 87
99 56 -99
-89 71 -7
0 33 61
0 16 -78
-66 44 -86
-76 -95 -14
69 -72 36
72 94 -64
63 82 63
66 -24 100
20 -84 16
-56 28 59
-74 -71 -61
52 -75 -9
76 49 16
-63 -11 -23
34 -43 -38
-61 35 5
-42 21 40
12 84 -44
-6 42 -57
50 29 71
0 -25 -34
50 94 72
38 75 -38
-15 -30 21
17 14 -95
29 -12 10
-2 -41 27
93 -14 48
-21 -98 48
87 -49 -68
-36 -64 79
12 70 63
-87 99 -64
-4 -5 -69
-21 -80 67
-49 -85 -54
85 -76 -56
22 -29 -73
-85 72 19
24 -59 -39
37 -45 11
-74 58 -28
-10 64 60
85 -86 -14
4 -78 89
54 45 52
44 -63 80
-97 -40 92
59 44 29
77 10 68
-44 -32 1
45 -86 -82
27 98 -48
-65 26 -82
54 -17 -39
32 6 31
69 -88 21
-60 -56 12
5 45 -11
-90 69 -62
60 39 37
26 70 78
11 96 16
77 45 -39
-87 36 -2
9 -70 -13
-82 58 63
84 -33 -24
-46 -38 96
-28 73 -64
-23 21 11
-20 0 30
89 74 -16
-72 -38 39
23 14 45
18 -53 -16
-87 -50 76
-71 -18 55
-52 -46 -87
95 -73 -67
48 72 32
-3 10 -21