-64 78 -79
-10 -100 -25
-75 -40 -89
-33 -41 -14
92 -84 15
-64 -12 42
5 62 20
94 -64 19
61 7 61
11 -90 27
-62 -23 -4
63 45 -58
-9 97 81
62 9 87
22 12 -24
-86 75 -2
56 -22 -83
85 -6 97
58 -31 -74
44 84 -8
41 -44 -17
-61 -5 68
-39 -24 58
39 -76 -2
82 20 15
-90 -89 -21
43 32 -73
-72 -70 43
55 -43 40
28 23 -97
-95 -3 21
-62 54 91
32 -34 -9
87 65 57
68 74 -42
26 -68 24
-7 5 -17
-19 -66 54
75 2 -50
-22 -53 -73
-82 27 -64
-41 24 15
-23 95 65
29 68 8
-55 86 53
46 -55 -57
-8 58 68
-29 94 30
61 -71 -11
-33 10 -69
-20 34 53
61 -2 -58
-12 -89 -95
54 -77 -77
-46 26 14
-48 -72 -96
12 14 31
58 -41 -30
71 4 -17
-78 -55 -98
-78 -92 49
-33 -80 37
-62 -40 23
61 -99 -75
98 -97 14
-35 -56 -15
62 88 -5
70 -98 -1
65 -33 -59
-17 21 -27
26 99 -63
76 -18 -23
-92 -10 23
-21 0 -14
-49 -95 -41
28 53 -10
-29 14 -57
73 4 -72
79 26 -59
38 58 80
-23 40 -64
-5 94 98
-66 -23 50
-70 -70 92
-35 -97 -40
24 -54 -62
80 16 -87
-62 -15 -19
17 24 57
4 -87 -60
80 54 -71
64 -5 -19
-18 -60 -35
-91 57 89
-36 -54 -65
-83 -53 -35
-44 72 -81
-98 -43 -26
-84 -7 77
-46 -59 -52
85 -69 -15
-90 6 -17
-55 -23 -30
59 62 -39
-85 63 48
-66 92 36
61 57 -35
70 29 43
40 21 -23
-92 -93 -66
68 23 -80
-44 79 94
13 -75 -55
63 -5 -3
-62 -33 70
63 -88 -12
-19 -51 -48
74 7 -51
71 -11 84
78 -66 -14
78 -32 -21
-62 57 68
-23 -95 36
14 -29 51
-51 -1 15
10 36 85
-72 -19 -75
54 9 25
3 -60 -61
25 -19 27
72 -72 52
39 47 -71
98 -1 23
69 7 -26
22 -97 -90
2 27 0
3 -82 58
-61 18 33
-82 -39 -78
53 -60 -21
-15 53 -9
78 -62 -57
58 5 19
-19 71 -31
-52 -98 -88
-81 -79 35
48 -87 28
-50 -94 24
-87 59 -94
-6 12 98
-8 32 -87
33 17 20
-63 63 11
85 -47 -67
97 32 -66
-80 75 -53
-10 15 51
-44 30 -42
85 -59 32
8 -97 62
-3 73 46
98 -26 -66
-16 -15 -97
-35 -69 61
23 84 -10
-84 -80 -83
-29 -23 90
-31 -63 -25
2 -83 23
-56 -22 47
-32 -44 53
-22 59 39
-85 24 58
48 -36 28
66 -47 -100
-58 -27 -60
-74 -12 63
-52 -32 4
-76 75 7
-11 -23 25
-93 35 64
-94 35 0
15 68 72
63 -94 -75
-88 14 72
-70 34 -95
-27 49 31
23 43 -67
-60 -81 -51
-14 -22 -66
16 -67 -40
-82 92 -12
72 -77 -86
-73 -51 96
-67 -17 16
73 24 96
41 87 43
51 5 94
25 -41 98
18 67 98