-94 -88 26
-61 32 -48
54 -75 -54
-75 -31 -85
9 69 50
25 1 -37
33 -89 -96
68 -52 -23
58 82 -68
-16 81 93
50 41 68
63 -81 79
-7 71 88
80 -77 -24
27 74 88
27 88 97
82 28 7
-20 -17 -55
-25 -81 -100
52 -89 -75
-79 24 -2
80 -6 -66
17 -83 86
-88 33 59
-74 39 -62
-25 -4 95
4 95 -80
-1 78 35
1 95 -58
6 83 64
-63 35 6
-5 -87 -66
93 57 72
-28 -92 0
57 -91 -45
80 -18 -53
-94 -100 69
-43 55 15
12 -36 40
-12 -36 9
41 -22 -18
-95 87 82
-67 -41 33
-43 42 97
49 -43 47
-70 80 42
42 67 -40
-33 69 62
98 -4 -26
2 -25 4
91 -57 76
38 52 80
-96 45 -98
-40 -40 -37
-90 -100 44
-94 11 57
33 73 42
-64 71 -91
-89 33 -77
64 -36 -86
24 -2 79
72 -48 87
-24 43 -52
-47 -8 -16
85 -12 79
-80 8 45
66 73 10
-85 -90 -87
-79 33 30
-57 81 -66
-16 29 -8
-76 18 97
-84 -32 -14
25 78 -51
87 -81 90
-58 -30 55
30 84 53
9 97 -100
-9 -96 -41
-65 -30 96
-18 -88 67
-1 37 36
-92 -31 67
-96 -53 -2
-63 95 -6
99 -79 -72
20 -72 -45
18 -66 -73
23 -41 61
-54 3 -88
-11 56 -88
98 63 31
-96 78 66
75 -14 -78
-67 71 -74
-80 39 -99
-6 45 90
-83 0 -65
-10 -59 3
7 -98 34
38 -38 78
19 15 -20
36 76 94
81 -72 53
-91 39 41
-87 13 72
62 -53 -1
-16 52 -50
-37 24 12
18 -86 -39
-76 90 24
-42 -67 25
-76 57 76
25 79 -17
56 -13 -45
66 -8 -83
-61 70 23
-99 91 25
6 86 -9
-41 -78 -53
-96 -72 -53
-1 82 77
-15 -33 -81
4 84 -89
99 7 -78
-10 -92 13
-84 43 17
-60 4 71
91 58 63
-68 21 -90
-46 -23 -9
9 20 -27
-93 -8 -39
-27 -40 97
-13 -83 -30
68 -80 34
14 72 -36
-31 -84 0
7 13 95
-55 -45 41
-60 -50 64
1 54 -98
1 -28 -35
64 -71 15
77 9 -80
-36 63 -17
-31 -72 -10
41 -87 -63
94 66 -54
-80 63 -44
40 -90 12
29 -78 -58
56 -99 -20
-85 77 -45
61 -88 -38
-3 54 -77
-64 57 94
-74 28 99
-50 -72 -40
35 59 37
21 -51 79
-26 69 7
-83 -15 10
85 41 44
49 14 56
-72 -17 -77
-36 4 98
85 49 -71
-14 32 86
54 96 -96
-99 43 73
-19 66 24
-82 28 -37
-54 11 -72
-84 -53 51
84 -72 -36
-27 32 45
-34 35 -34
-92 76 -19
16 -49 -13
57 -27 -48
63 -13 99
11 -22 -76
-72 87 85
17 -96 -61
-25 15 -94
12 -27 29
-24 -84 98
10 86 51
-51 17 17
-17 -62 -39
18 -3 73
-4 -62 -64
-90 31 49
40 -85 58
80 68 -2
49 -86 -42
-51 -76 -12
18 45 34
-75 -13 -19