-50 -6 57
54 -96 -70
-54 91 2
-58 85 35
-66 12 81
-17 32 -90
75 46 28
29 -61 -67
-99 -96 -1
-2 -97 61
-56 46 -85
-94 56 37
-53 71 39
-37 -14 -65
-70 -88 -76
-54 5 84
100 52 -49
88 -2 75
43 -5 65
-58 -64 87
-17 -43 70
61 -86 99
79 -68 -92
-85 18 9
-14 -63 -56
41 36 58
-97 59 -95
-57 -89 39
-37 -32 80
66 -3 -72
-78 -24 -4
-22 18 -19
13 -86 53
-89 -11 16
-45 -42 -86
-31 35 64
87 61 10
-13 -57 31
-5 -51 -86
-91 -25 -92
-69 73 62
92 42 -20
-24 13 -54
92 -89 -88
-44 40 33
15 -43 39
-77 -28 60
-37 63 1
-11 -58 39
23 -6 8
-22 -60 -3
-20 90 -3
-11 -92 47
7 -69 -43
18 9 -59
-79 -37 5
-52 -49 -53
-97 -94 51
-82 61 87
-89 -85 0
-81 53 47
20 -33 52
-46 -12 74
16 48 50
29 40 -47
10 44 -89
-39 5 19
-98 61 -69
-60 -81 -36
-15 -58 -48
-80 -25 -12
-63 73 38
97 91 27
-81 97 36
-80 80 -4
60 -89 76
-55 -54 -25
-62 -47 83
39 77 60
58 88 30
-65 82 -53
-24 43 39
53 -57 -97
72 84 -21
37 -6 -89
76 39 -81
-93 -85 80
46 65 -28
-2 78 90
-100 -84 38
-91 92 -88
-89 -71 -25
-84 36 -86
-83 -17 -14
-64 -96 31
25 8 62
40 -73 -21
-33 53 -55
17 -84 89
66 14 -86
-66 -69 -35
-72 -12 40
10 96 -3
-100 88 3
-10 5 1
-21 -14 -64
100 98 -49
-14 -29 33
44 53 -80
14 10 22
48 -34 -87
-96 -92 -88
-50 66 -50
-4 48 90
-60 57 53
-98 -72 27
-10 49 -2
-94 -11 -11
-38 36 1
84 2 -28
23 -93 47
58 14 17
-93 88 52
-27 -71 86
8 -27 -58
12 -34 32
-22 8 86
-37 41 31
46 17 45
64 43 41
-9 -73 61
88 75 -76
-29 20 64
-76 11 -46
-48 -85 -36
-6 -100 24
-9 -40 26
37 91 -17
76 73 75
-48 -77 -67
49 23 -53
60 -79 -91
28 46 86
-32 -22 -53
24 -24 31
-22 -9 96
-87 96 63
34 -28 -24
-7 -100 69
72 99 69
-71 8 71
21 46 -1
70 -72 9
58 24 -9
-14 -87 -49
17 8 -88
-72 -77 28
86 -10 -4
-70 13 -58
2 -90 -80
20 34 4
5 -66 -81
-25 19 49
83 -53 -80
30 -73 -71
28 -85 41
-61 95 -22
7 -7 78
36 -16 47
91 65 68
10 -66 -9
-84 -81 -29
27 -98 -47
27 59 -97
-17 -47 -95
-96 -24 -45
-82 2 99
57 -84 -31
79 11 -63
-69 64 -93
50 -25 87
99 55 -43
53 -96 -91
38 -94 -5
-31 -76 90
12 28 -54
14 -27 25
53 -25 63
82 -70 75
68 -93 -32
-40 78 -38
88 -5 27
-100 19 17
-53 -95 -100
81 -87 -68
63 38 -98
-54 -35 41
37 -35 -55
91 -72 -3
-89 85 72