26 6 -74
-18 24 76
93 -22 -100
-64 25 -14
-86 -59 55
35 -49 42
39 -29 -31
-32 -12 -85
-46 13 -33
10 -71 16
-54 94 36
-39 -21 -57
41 89 59
53 -100 -50
-79 49 0
-82 -97 46
-87 -38 -91
97 -19 67
93 40 51
-9 -41 4
-63 41 1
43 -55 -62
-59 15 -24
-21 -97 7
-4 91 -32
-98 -1 84
37 80 -40
-65 91 -78
36 46 -89
77 6 6
37 -42 41
88 -91 71
44 42 63
3 -37 93
-68 24 -31
-27 41 63
-90 -28 -22
-79 -85 58
38 23 -51
8 -71 -56
19 -21 -13
60 20 -54
61 -15 85
-33 15 54
-87 60 -6
-60 66 26
29 -6 -91
22 -25 -21
61 14 25
-82 -93 -69
-62 -5 -19
25 13 34
35 90 -47
28 88 -4
79 69 91
14 48 40
-12 58 59
-98 -69 -29
-16 -70 -50
99 -50 69
80 92 61
39 32 53
-55 -35 6
-95 10 78
-63 15 -42
71 -56 -13
-42 47 -72
73 61 -76
93 31 86
82 12 -18
-69 88 -23
63 -76 -91
-11 -32 18
70 34 55
-30 70 -4
94 -20 52
80 90 -73
-83 -63 68
-12 -38 62
-80 84 -21
-62 -58 97
-75 -93 -88
91 98 -70
58 -95 -92
-25 -95 90
-17 92 -89
90 -68 77
-66 70 73
-78 40 14
43 96 59
87 21 88
43 -5 72
-77 -4 26
-61 24 18
75 -17 59
-87 -47 29
-84 -76 39
-28 86 30
10 -43 87
-28 -74 -59
0 -57 -59
51 91 -54
5 -26 63
-36 -74 13
81 -72 43
-42 92 35
52 74 32
-10 14 -8
22 -23 -92
81 73 44
-69 -8 -38
-27 0 -51
48 -99 -92
10 -71 -30
100 -70 -4
69 -86 11
36 -91 4
21 82 -43
10 -57 -29
66 24 -25
17 34 68
51 -64 36
-65 46 -74
-41 -86 -88
90 56 -26
-45 -73 -91
30 87 31
78 -66 23
-38 79 49
-77 -16 85
-46 26 -97
-96 -30 -73
41 -72 -57
-94 -43 -43
51 -56 83
-54 99 3
-100 -83 -49
71 -15 -28
-98 65 38
-22 -41 -26
93 -84 1
66 4 23
-90 -19 -30
-78 -71 -46
53 -65 -37
-78 12 75
-65 18 23
-51 48 -22
-37 -82 81
-5 -40 -99
0 86 81
-64 -4 -33
49 -58 -24
-98 -22 -11
-68 46 -15
-81 -83 5
-38 -41 81
-4 47 50
-83 -13 19
-61 -46 85
25 67 46
-18 -89 10
72 47 33
8 67 -64
96 3 92
80 -6 -66
-11 -100 -30
21 25 -21
22 79 -33
5 -37 -57
-65 65 17
99 -15 -61
-86 96 -98
66 27 -34
98 72 -81
-85 82 5
-5 -4 87
43 52 -36
-3 46 39
62 36 97
-27 -59 -52
94 -18 3
-64 -23 -12
60 66 22
-26 -53 22
23 16 -9
90 13 -37
-93 -69 23
-6 -2 -60
-81 73 42
-35 48 1
38 38 -2
34 -10 17
55 -3 48
69 -31 73
94 -9 78
-86 -31 20
-67 -48 78
56 -18 -57
10 -89 -23