-40 -8 -76
77 16 -22
15 43 -90
0 -90 -3
19 -39 -22
70 75 -39
-66 24 42
51 19 30
35 -86 85
-8 38 15
-77 -50 -45
69 72 51
-27 86 31
62 -61 55
-46 43 -69
-1 -40 54
-83 -69 74
25 -81 -13
-7 93 -37
-35 79 -21
-47 -27 -53
13 -89 26
60 88 -13
-97 -82 81
65 93 87
19 -62 90
-97 -30 -87
-14 96 -72
22 -93 74
46 17 69
21 82 68
65 -30 83
84 77 -17
49 23 60
-75 -69 -32
-9 -29 44
39 26 3
-24 -56 48
13 61 95
94 -40 -80
21 -98 -8
1 56 18
-60 32 -25
31 -42 -66
26 88 13
74 10 44
-89 -24 -11
74 -18 66
-46 15 47
99 73 -69
78 18 70
-45 97 -35
-44 70 -56
-9 -29 100
-75 97 -94
8 63 14
15 -69 20
30 -94 11
69 95 -34
-7 46 61
37 79 -36
55 -84 100
56 -44 -19
-75 -31 -76
-74 78 32
16 -59 -60
66 -90 74
-84 30 -45
94 -92 24
-53 53 80
65 -83 63
-91 83 18
-9 9 15
-100 -91 8
-68 38 -51
-44 49 -62
-26 93 -51
-45 -52 68
96 47 13
-88 -87 -44
-23 -37 -10
-39 -28 75
-1 -83 -16
-61 -64 60
88 16 59
-6 40 -72
-29 34 22
-30 -58 -12
65 54 -20
-58 93 88
-69 92 -40
-74 -76 54
-36 -75 24
16 61 -47
-4 53 34
-45 -94 85
49 -31 6
27 72 -26
8 92 -77
-79 76 24
-60 -26 -14
-22 88 53
-23 -20 16
-89 -39 20
60 95 -6
25 35 -90
-55 48 -99
55 -18 -12
68 -7 14
-2 97 -83
-9 25 -81
14 -86 80
-74 3 99
85 55 -27
-51 83 78
17 -54 84
-54 81 -43
73 -7 -55
-57 -83 -62
9 -45 74
20 84 -51
14 -21 -60
54 -97 98
45 31 43
-9 -68 35
-7 89 -48
90 66 -16
-67 56 -5
-17 17 -41
-21 -27 -87
-50 -62 -9
57 1 0
11 -18 77
-3 -97 37
-37 90 -100
-73 0 -13
-70 -68 75
-44 -50 59
63 75 7
13 -91 64
31 67 15
47 -8 67
7 -56 -95
62 -36 -40
-94 38 74
-16 22 -28
-78 -51 -90
-16 -13 95
-6 -88 -83
38 67 84
-96 11 -64
-59 -87 -94
59 -67 53
-51 100 -3
22 26 -53
85 -11 41
-29 -21 23
2 7 -71
-95 -59 54
63 95 43
22 -24 55
5 84 96
-98 58 -97
68 37 59
9 89 74
81 -76 19
-67 -78 -71
-39 17 -90
65 -22 -57
-79 19 -39
-26 92 26
24 -87 -19
49 -10 -21
90 -86 93
81 64 16
-56 64 48
13 73 -47
19 46 19
-47 90 -3
-64 38 -6
-32 -37 50
34 72 -41
32 4 -41
-31 36 43
-71 -2 -74
91 72 65
42 98 49
83 -74 84
37 -60 5
-2 -13 8
-68 65 -78
-89 -56 -43
39 -95 -9
92 -88 71
-93 -11 75
-5 -77 26
95 36 -5
48 -53 59
-62 0 -15
21 44 -72