-28 43 28
12 -42 27
-29 17 -50
56 -15 78
-20 98 -81
-2 7 -79
-19 41 -79
99 93 44
74 -90 19
-8 23 -1
93 26 39
89 -91 78
-61 -9 37
66 -14 8
4 91 -62
-48 -41 43
-85 -54 -1
76 -96 -94
58 71 -79
-17 1 76
-88 43 -24
-75 52 -9
-77 74 2
-81 27 74
65 17 65
92 44 43
55 85 13
88 46 81
-94 32 -31
-23 -58 93
-1 -10 81
-77 -17 -28
64 -48 -17
-31 -38 86
71 37 -24
79 -39 13
43 94 -27
-54 -21 38
-28 -86 -60
-8 15 -33
67 12 21
52 -51 -93
44 -81 -13
-15 42 97
24 59 3
-17 -25 -37
-72 -67 40
-78 4 89
-34 -91 18
-44 -25 9
92 97 85
-85 -98 -98
-88 -29 17
-46 5 79
61 -95 -65
-97 -16 -12
-10 37 -2
82 -79 40
-26 28 -8
-9 59 -53
-33 -11 11
65 57 -33
93 -48 -65
-41 76 -99
-28 27 14
9 40 -20
93 -37 12
68 38 23
-70 57 6
-85 -56 -37
-10 -35 21
-63 -80 8
-89 -76 66
-72 -51 33
-94 39 12
12 -94 -45
32 -67 -79
80 -87 11
-72 67 86
67 -48 -47
-21 -87 -85
29 31 -49
65 -91 52
-51 -92 -84
53 42 -75
94 -88 6
-39 42 -17
-81 -8 -61
23 13 -37
71 -32 67
-16 -24 -75
-90 -34 -90
39 24 26
1 -58 -15
-72 -58 -83
-80 57 22
-62 -13 4
-100 -76 -37
-69 -13 -56
25 66 32
-63 -57 -13
72 75 28
85 -91 76
41 92 -54
-79 -28 55
-19 -16 -98
-55 34 14
-85 -95 -81
63 9 92
-75 -58 -19
-35 89 -84
77 -25 -30
-14 -83 45
83 -72 -20
81 66 -6
42 28 -53
65 -85 -34
-21 -64 -48
-74 16 -21
81 -53 85
-33 16 15
-67 -5 -56
63 48 97
46 22 35
-47 -78 -84
-82 30 -70
15 92 -77
-12 -2 -45
-27 43 -25
62 12 91
86 45 16
49 -3 -7
35 -91 100
-85 -89 55
23 99 84
24 49 -95
-24 -48 -1
19 -88 33
49 93 62
-57 -52 75
70 64 19
30 -27 9
96 41 67
38 53 40
-14 -9 71
-43 8 -52
49 75 41
32 -19 79
-56 52 35
-15 3 -13
-7 7 39
96 -30 -87
-18 -1 -72
-6 83 89
2 -85 -34
85 6 47
-2 53 1
-88 -94 75
-20 -44 100
-44 8 49
66 -96 44
-46 -32 -1
91 6 56
-68 -79 -86
54 -91 -58
99 -40 -25
83 -67 83
-11 -88 -43
-76 -13 41
82 29 -63
-85 -39 -4
33 81 -34
78 60 36
59 79 -95
-80 10 -87
41 -1 -23
-59 79 -16
-67 72 94
-95 -17 -97
61 10 39
-39 90 42
28 -2 81
91 34 -48
76 0 75
-1 14 -4
23 -30 -82
11 -12 -51
18 10 -96
-70 -4 23
11 -65 -10
-25 -52 73
-6 -11 10
-47 -30 72
84 -58 -80
78 91 47
-53 37 50
91 81 -63
5 -97 3
69 59 4
38 31 -95