95 -19 -10
-17 98 -61
-6 4 71
-17 -12 6
-14 40 -68
57 -71 59
52 88 -22
-59 23 -53
84 21 88
-3 -42 42
82 28 29
53 7 -63
63 78 60
-55 -18 94
39 46 23
93 -25 3
-44 -10 -87
38 -26 -42
-65 -96 -98
-25 -98 55
-31 77 36
88 -13 -2
-23 70 -41
56 -85 11
58 -47 -26
60 26 -33
13 38 73
-43 -89 -17
-89 -37 73
59 -71 -76
-64 93 22
-98 -54 -73
22 -7 -70
54 100 92
56 66 41
57 49 42
-27 71 -56
15 72 -65
92 -24 -15
-78 84 -3
-59 69 -65
-37 68 -24
-29 27 61
7 -97 -82
-39 96 96
17 -44 99
-62 -77 19
-86 -9 35
18 91 93
14 -45 86
-54 -42 -11
-11 94 84
46 59 -15
-92 -96 9
-36 29 -13
69 -38 20
85 -41 -72
-13 65 -92
88 29 35
-16 -6 32
-43 14 -53
18 3 71
6 2 50
-5 -10 -68
17 -57 -12
95 5 -76
-84 74 -9
-75 -73 48
5 -56 94
-10 -70 -30
78 -81 97
-53 99 91
-30 100 91
11 -46 -59
100 98 -76
-26 74 -32
-6 40 -85
19 100 69
72 75 95
18 -26 -60
-31 -7 56
98 35 35
-68 -58 -49
39 -12 -53
-9 -73 -60
60 36 39
-61 57 -95
-84 54 -58
97 54 99
-25 -55 16
28 -52 85
-3 53 -59
16 -95 90
-19 74 54
-46 -6 -34
93 72 -90
18 75 -82
94 69 -76
-68 -28 -49
-50 -23 11
-47 -85 68
-66 82 -89
19 -40 42
82 -60 54
-67 -100 60
74 58 56
-37 -17 10
20 -28 -28
-28 -54 86
76 97 4
98 -30 77
-11 25 57
35 74 -89
15 100 -3
-32 59 -2
-60 -2 58
4 -56 5
65 24 -10
65 -84 76
-60 -45 83
30 73 52
-5 39 4
-60 -86 88
1 -87 -89
-77 -41 -19
-64 5 -93
86 -41 -79
-33 -96 -21
-65 -89 -9
-93 6 -18
-97 36 -81
-10 68 -29
-59 24 -7
-39 55 7
36 -14 27
-20 -100 66
-50 -49 55
-70 94 33
88 -13 85
-100 -31 53
-31 21 13
58 6 -1
-14 -72 53
-4 58 77
7 7 88
-68 100 -39
-38 73 -88
-4 55 77
-40 -60 -93
8 93 52
20 21 -72
-96 85 85
-5 -71 71
33 -2 -23
-51 3 100
-97 -87 -16
-10 98 -70
29 33 -24
51 43 -54
-6 16 -6
43 75 -6
13 17 -17
34 -94 59
5 -10 11
-13 -92 -9
-90 -49 -10
-35 -85 -86
82 85 43
-85 14 30
5 42 -26
7 -55 80
65 -38 -20
-59 83 -96
-37 43 39
44 -85 -15
20 21 28
49 -36 -70
52 65 -99
25 77 47
12 0 -91
-3 -40 -16
-94 35 -97
8 9 -30
-54 50 -62
65 48 -50
-52 -63 43
5 16 -58
-96 95 53
-3 28 60
-70 -34 94
-8 24 -68
-62 -41 -40
-14 78 33
-58 -47 -9
-49 -56 -99
32 48 55
-51 2 24
-19 57 92
-24 -73 41
34 32 47