96 -51 40
-35 -47 -27
80 42 -100
62 -36 -38
91 -63 -4
-42 3 1
79 -66 -99
17 72 82
88 3 -92
26 88 -15
93 -82 -85
82 13 -97
-90 29 -2
-80 -2 -75
-54 -21 -28
3 97 -20
95 -69 21
18 41 92
72 -91 -8
98 35 48
0 48 -93
72 -19 -21
-12 -67 46
-37 -100 22
-21 -71 -66
78 -62 87
93 73 -44
26 68 82
-24 -62 56
-92 1 38
-59 31 16
67 81 87
-87 -76 68
-80 -52 -74
73 -1 9
-69 -94 54
-91 -11 -68
-68 47 55
25 42 100
-53 -14 -41
20 79 2
-43 -71 -13
-85 -17 6
-8 -29 45
-10 -31 -62
-38 -84 -15
69 74 -29
5 81 93
93 -6 -79
-23 -37 14
-70 -14 6
63 32 -50
-89 56 39
25 17 55
34 51 -87
25 22 63
3 -72 37
25 -26 -77
-71 -53 88
10 2 93
82 -74 85
-30 0 41
53 88 -94
6 3 -86
-24 -17 14
19 18 -75
-12 92 48
6 42 -41
-55 22 -13
-78 94 67
-67 -66 -52
-40 -41 -86
-86 42 -83
-24 18 62
71 4 -22
26 83 -26
-23 -3 -6
86 79 46
-58 57 79
76 76 93
45 -77 3
6 29 89
-12 91 -89
92 82 -21
-80 -55 33
95 -10 39
36 86 37
65 -61 -76
13 74 5
57 -73 -40
-56 -25 -61
-81 -90 -54
-61 -15 -86
-13 37 15
34 -1 61
75 -15 16
45 67 91
64 13 40
29 -66 24
-87 -68 20
26 29 53
-80 50 4
-24 -61 84
2 10 -41
3 33 78
78 50 -40
-49 58 55
-50 73 -32
80 -73 -12
84 -43 -29
30 -29 68
-62 -19 -52
-91 -91 -52
-85 23 -3
62 0 -7
-52 -73 3
75 0 81
-58 -19 -73
33 -2 -12
32 71 -21
-72 57 25
70 -78 44
33 98 -76
-27 -22 -51
95 -81 -23
-67 55 -35
-79 -88 87
95 28 40
68 17 35
98 61 -58
31 80 -82
-29 74 21
29 -12 31
56 -25 -87
43 50 1
15 -28 43
100 88 18
83 -1 30
-30 -41 26
47 -23 -46
-20 -44 -37
91 -19 -88
-64 70 -12
100 -94 -35
-1 46 -54
-19 10 10
-3 48 -79
-98 3 -74
-89 95 2
-34 35 27
-38 -2 9
54 60 -54
36 61 -5
14 -28 24
-80 7 18
87 -97 41
-31 -61 -90
-85 -32 -8
58 16 69
66 -47 -43
-59 -29 -91
2 -40 -90
45 38 70
2 64 -9
-78 71 47
-4 -99 -58
-59 84 82
-77 91 50
-28 -61 7
58 -96 15
-56 76 61
73 -35 90
37 95 -37
-7 -50 -89
-33 75 -47
73 -20 2
15 -98 -83
98 -80 -16
44 -94 -84
-81 82 -97
11 -97 39
-92 -22 -67
96 -77 -2
68 -30 94
-5 -45 -68
94 -59 -70
-60 -63 -37
72 -94 16
45 25 -13
-15 72 89
-72 -52 -48
-4 5 95
-56 -57 78
-90 -30 -5
-61 48 0
-99 37 8
-65 55 50
-48 40 -70
-6 -84 -39
61 48 23