-42 12 18
-71 60 44
-66 -96 88
84 -88 -6
58 -76 74
20 34 -90
-50 -63 -49
-51 -36 51
6 -39 94
26 -46 -19
91 0 -18
46 45 -68
42 92 39
63 -9 -72
21 78 -70
-6 80 21
28 -82 -22
-66 -27 1
51 69 81
33 -69 -98
74 -23 83
-54 12 -67
-90 -22 -45
84 46 -75
-81 57 33
-10 25 55
-2 -100 -14
87 34 -9
-46 -99 -1
93 -40 18
55 59 -49
-57 -74 -60
-23 20 -50
47 51 49
1 -95 1
28 19 -83
-58 31 -22
-59 -25 -61
49 56 23
26 15 56
4 -25 28
-49 -32 49
25 85 85
38 98 48
-70 -86 75
55 36 1
40 -13 60
-50 90 95
-66 16 -15
16 69 57
28 -75 54
-35 36 -27
82 -24 -86
-59 17 -80
-75 37 -32
-91 -51 62
84 -72 -6
63 -82 -67
-73 -72 76
37 12 99
-47 -43 80
-84 -5 31
81 67 33
86 37 -80
-99 -20 12
14 -88 -54
31 72 83
-43 -2 -45
37 -4 -5
72 75 -72
-76 77 -98
-7 -68 97
13 16 -15
-82 -100 38
-31 60 -36
-60 -37 -67
78 32 38
59 33 26
-21 31 95
42 -80 -5
77 2 -71
68 -87 -87
74 -37 -72
-41 -10 -49
-36 -9 -14
56 73 -89
-7 81 -58
68 17 59
10 65 87
-19 -69 78
50 3 99
-43 60 -62
-43 -24 95
73 65 93
-41 -58 49
-8 -96 37
-15 -10 -54
81 -39 54
-73 -67 -46
5 91 54
-24 -5 49
62 16 99
-34 87 -33
-74 -80 5
-15 33 -38
7 -41 -14
47 -18 -86
83 80 -78
-47 83 44
-4 75 -37
-21 36 11
-16 -94 -36
-9 -75 -93
60 47 -10
-10 5 -61
3 -100 0
71 1 51
-83 -52 74
66 -79 -96
-68 -34 14
53 59 -42
58 -5 -78
-88 -43 35
-83 -22 -41
73 -95 57
-54 36 17
87 -68 -82
-30 83 98
39 53 4
-63 -23 84
12 -23 34
1 54 -6
50 -7 -99
-81 45 -37
75 13 84
100 2 -44
65 74 60
-55 18 -81
23 40 14
-100 10 -16
94 -90 17
-67 28 86
-94 66 69
62 2 -9
-27 -62 -71
-2 90 88
18 -3 66
-25 -30 -69
35 -37 66
96 -32 79
12 11 -54
76 -71 -29
-70 14 -20
39 -87 97
77 -59 50
-93 77 50
71 83 17
79 -33 -87
-10 -78 30
-86 -70 63
55 64 -39
-85 3 -62
31 24 90
73 -44 10
20 -52 -94
-9 -30 -69
82 28 -23
-12 24 59
-50 77 -93
99 10 74
57 -30 -89
-90 30 -68
97 -48 -95
71 -77 -54
-68 33 -20
-22 -18 2
95 77 -74
-57 -76 5
2 34 74
44 -62 -16
-41 42 2
-82 32 74
7 45 30
63 67 -77
-70 -86 33
-93 -32 21
-78 73 67
-15 -1 -48
-6 28 16
-53 64 -11
-99 45 31
-93 37 22
-18 4 -98
-14 -34 -94
-59 51 67
43 -12 -35
-78 22 61
-35 -27 -94
-70 -44 45
46 53 -22