-86 80 52
86 -51 63
-52 57 9
-61 -62 24
49 27 77
-42 -41 -2
-39 95 -58
8 44 60
-1 76 -51
-11 99 -59
21 -38 88
73 56 61
3 -21 61
36 2 -87
-38 -35 -18
49 -55 -5
-93 37 -77
-90 -94 -88
49 4 -26
-77 -95 46
-54 80 -58
-31 -83 -64
-14 76 47
38 -5 20
-49 -45 34
-22 48 92
-77 -38 77
19 72 -11
56 -46 -32
72 14 83
81 54 -50
-64 -34 -89
-4 6 -38
-40 -81 99
-95 -85 87
92 49 -40
82 -34 -84
92 -99 -21
10 39 1
41 -2 -14
91 -37 -33
85 35 75
-48 -41 4
33 90 -98
2 -73 54
59 -74 -66
96 -42 -95
-8 -47 67
91 -37 -23
-82 -69 -15
79 -79 50
-19 70 -47
-97 -49 86
-92 77 -53
-79 30 72
-21 36 47
46 92 96
-45 -100 -38
-27 15 5
9 23 27
-12 88 49
85 2 -54
-82 28 22
-94 70 15
10 86 9
22 61 -2
-53 -86 96
-28 -4 94
14 -18 31
-94 94 -70
12 -86 89
-54 72 -66
-56 55 67
11 26 -2
-88 -40 93
-34 -61 85
67 27 20
-66 -4 -25
-54 45 -28
38 -87 -45
68 -39 35
56 -70 42
39 -29 -88
-96 81 -53
-81 -51 -35
84 64 -86
97 -19 -38
1 -8 33
-68 83 -74
27 54 8
-90 17 97
-87 2 95
-44 -35 -53
-66 39 85
-59 33 69
1 74 -34
-70 33 -95
15 -10 -49
-69 -32 -46
87 -66 12
-77 80 42
-12 37 -11
27 0 -1
-15 -81 10
-96 -31 61
1 26 73
22 30 -20
30 -2 34
-42 1 7
-46 -8 -35
-19 -99 11
-76 43 22
-2 -4 61
94 52 79
-10 30 -28
-55 55 -65
99 -13 -96
-57 -35 3
27 30 45
-33 -67 47
33 88 98
-58 -99 99
-33 -100 -28
-72 66 38
73 -93 -74
73 -31 -30
-31 55 -36
50 -74 15
-99 51 67
-69 -2 -44
-88 -65 -53
23 -61 -56
-40 67 -12
64 10 -25
26 33 -4
28 1 57
87 17 64
-71 71 77
30 -8 77
59 4 27
-73 -17 94
-44 51 -67
-25 35 -73
-15 -8 -26
27 -82 -69
38 -82 95
13 -66 -2
36 24 69
31 -39 60
82 49 100
-46 -75 -76
-66 -79 -93
-46 -39 87
-96 99 94
1 -36 20
-60 14 -60
-90 44 71
-83 25 -17
-60 -70 38
96 -19 -77
46 52 37
3 35 6
-19 1 -74
70 -4 -26
-61 -64 -68
-10 50 4
97 -18 9
-75 14 56
-24 -5 -69
-84 45 -34
96 0 -46
-11 3 -33
81 90 -44
-80 92 -11
18 14 -99
-48 36 62
44 84 49
-59 15 64
-6 46 -77
16 -67 -45
-34 -37 0
42 -61 -37
17 67 58
-43 65 -24
62 56 -93
-57 -21 59
80 34 -6
-72 -63 -55
-90 88 77
16 1 -25
-97 -51 -92
-51 19 24
41 30 64
-98 -82 82
38 -78 -86
1 18 13
-46 85 -52
-6 -25 96
58 66 37
-81 57 -47