21 2 16
-85 -83 -98
4 -40 -56
44 -49 17
-1 35 -84
-35 -13 -51
-60 33 -31
-58 49 83
-83 -68 -76
-96 -98 -27
42 83 64
11 61 37
30 84 -88
-91 32 49
96 89 -12
76 80 -43
91 10 71
-53 -57 44
-96 84 21
-23 69 32
-9 -48 63
67 65 -86
45 26 42
42 27 -18
-61 76 -63
-47 -50 -44
2 -21 -92
99 31 37
-50 86 -53
23 -36 -45
35 -65 -46
61 57 18
46 25 6
-56 -75 35
-48 -81 -33
-46 -63 -23
-75 -72 99
-33 -14 -84
62 -54 51
73 -59 -33
84 8 3
71 6 -7
99 98 88
41 -15 -5
7 3 2
-86 98 -85
-26 77 -87
-67 92 98
-55 -36 24
45 56 93
-29 35 -7
42 -54 14
-69 -61 -36
-95 -53 53
56 -70 -5
-18 22 4
-34 -28 -56
-86 85 6
17 -3 65
-71 -13 53
-41 -72 32
-22 -31 -14
81 -94 96
-21 -42 77
36 -52 97
42 -36 -100
-34 67 96
-67 -40 93
-21 73 48
-75 -91 94
47 35 -83
56 36 2
-44 -65 32
20 14 94
-98 100 51
16 22 -38
-47 -10 -94
22 58 13
-39 -44 -93
-42 56 -6
97 -57 -77
4 53 49
24 -55 -29
0 36 -31
-17 -53 -66
-89 -56 -71
-55 79 -21
-34 40 41
-88 3 98
-5 -50 -18
45 -44 -80
-55 -55 -93
68 -25 -57
-97 -96 72
-39 -79 67
-91 -84 85
-53 -45 15
-94 11 42
79 -66 -30
96 -53 50
-52 -42 -72
4 -61 -29
64 39 20
-11 74 8
-99 42 85
-18 97 33
25 34 -43
-46 -12 -85
5 -75 58
-48 26 79
92 91 -82
-16 -57 -18
-14 76 50
42 -53 -56
1 27 -6
0 -87 2
70 73 -45
22 -68 -14
48 -79 75
8 -76 -6
-67 -69 -59
47 45 60
52 -32 -35
-87 91 -99
43 -4 40
-8 63 11
-42 -29 -50
70 -79 -45
-90 -96 -13
71 -94 -11
-49 2 19
33 -73 -16
80 76 -79
95 30 -70
-3 -63 85
-29 12 -48
75 -45 -38
34 81 -33
58 -18 -7
-50 32 70
-49 58 -78
-34 77 -55
99 -98 -55
20 -52 -63
30 -26 0
22 7 13
75 28 51
91 79 66
-32 -8 19
97 -55 -42
11 -43 35
92 -49 -96
-37 36 -84
-34 -68 -27
43 97 64
74 -66 -33
-89 -54 86
-32 94 81
81 97 84
76 -33 -61
17 -31 -22
-77 -46 71
58 96 19
53 64 66
97 -92 39
47 -89 63
71 -59 89
91 36 -41
-25 -27 -36
91 73 38
2 -20 -92
1 13 90
59 56 -12
58 39 -54
51 46 72
90 80 81
3 -47 90
37 -30 67
26 43 -85
17 -52 -37
-56 -10 -72
-44 -3 73
5 -66 87
10 3 -50
94 63 -4
86 54 79
32 -47 62
-23 90 -100
-23 -16 80
-93 30 53
53 -31 80
-58 72 28
-67 3 65
78 -73 -5
93 -20 -79
-62 38 -80
0 -72 93
44 64 -74
-3 -75 92
36 -64 72