89 -87 -71
-94 36 -6
86 10 28
-1 -83 76
60 -44 -51
-14 -70 -98
-66 15 47
-7 -41 -12
58 23 -51
39 60 -73
61 -93 -75
24 56 -73
-80 -56 -76
-44 63 53
-85 37 -91
-59 -6 69
-5 80 72
-8 -97 -92
58 73 -40
52 -95 -78
5 50 30
32 62 5
-89 -90 26
76 78 -31
89 -38 33
11 83 79
-30 -43 54
-16 39 4
37 11 -72
11 -40 4
36 -6 16
82 -62 95
67 77 7
95 10 -27
-53 -14 33
-79 43 -16
-42 14 -71
38 -74 -70
51 -36 91
-65 35 -30
-91 74 -58
16 -51 5
1 2 -12
40 61 50
91 -88 48
-3 83 -96
-43 100 68
57 46 -77
93 21 -51
-94 66 2
-40 -45 -68
29 33 99
29 92 -37
-98 -52 98
24 96 71
67 34 35
88 94 0
31 -72 35
23 90 -96
-41 -18 36
-54 24 1
24 21 52
-52 97 55
-98 69 -27
-75 50 59
95 -97 98
51 -24 -12
51 8 2
23 59 64
43 -25 37
20 72 76
-89 -27 75
41 -97 -68
1 -13 98
91 59 -26
83 -61 59
-77 -40 -23
-71 -31 -56
49 -13 -11
-71 -93 -61
-3 -66 -44
-94 -27 78
22 36 -83
-58 55 -47
-44 33 -75
27 23 -19
71 -74 27
-88 16 65
-96 -71 -2
89 55 -45
0 -29 -74
-59 100 -48
-80 11 -11
-94 48 -80
12 36 68
-42 -15 -5
55 -74 70
5 89 93
74 -19 -85
-43 -51 -29
-6 -77 -84
-17 -8 -74
-22 -18 -33
-93 63 -97
-93 -9 -89
76 -7 3
-8 -61 -66
82 -21 -79
-57 -59 -9
-66 16 -32
31 23 -32
-80 -62 63
81 -45 -62
99 -62 57
-75 96 24
95 73 43
-39 16 -9
50 -15 17
45 64 -7
-7 -83 16
68 -92 -28
-8 -99 -69
77 -60 -44
98 -51 -42
26 33 -5
7 8 -38
46 52 -11
-91 -40 -9
12 84 -45
-46 14 76
-78 -41 15
-99 -74 -34
83 34 54
-18 56 -1
-14 -41 -19
-87 -2 -6
-68 -71 -12
-42 54 -83
-26 56 75
42 -11 65
-46 -96 1
-49 66 78
77 -28 -29
-14 -77 9
80 -89 62
39 -58 59
-14 58 -61
-92 94 -33
90 -53 45
-26 -94 39
71 3 -83
96 52 11
93 -41 -1
-17 -1 59
34 83 -12
82 -3 89
-1 -66 -74
43 40 25
-45 23 20
11 91 -65
-82 5 -77
-74 -5 -43
-88 9 49
50 -86 -84
-38 6 83
-98 27 -61
23 -70 15
94 -97 44
-88 -18 -5
11 -81 15
-52 -35 -27
79 -95 -59
26 92 -76
55 -60 62
58 34 29
76 55 20
-96 -76 10
-66 27 -12
-76 -12 -92
87 57 -29
47 -51 -18
-69 24 -14
-21 85 35
-10 -47 -96
58 94 65
-57 -68 13
84 28 -11
53 27 23
39 -47 -84
56 47 32
-8 78 18
-89 77 -51
70 51 -68
-54 7 43
-22 -39 -57
46 6 -13
-16 54 5
-47 -75 -58
-20 52 21
27 -83 71