4 -80 79
46 25 80
22 -25 -10
-15 -27 54
98 -63 -92
62 28 -4
-25 62 48
-69 -32 85
33 8 -23
27 -87 -58
94 99 -51
26 17 -50
19 -66 -65
5 -65 98
-73 93 32
42 -36 100
-1 38 69
4 -32 68
55 -58 84
56 -43 95
28 -80 -75
41 95 29
-85 -16 -71
45 58 91
-78 89 34
69 -100 32
78 0 9
34 14 -11
-45 -17 56
91 -60 81
71 -59 38
76 7 56
-61 2 -93
-86 53 79
-69 -84 36
61 -44 -43
-25 71 -81
-58 89 68
-45 -51 -11
91 92 -55
-90 79 96
1 -10 21
58 -60 42
19 -59 30
52 -5 41
19 29 93
-16 58 75
14 57 -58
-64 -10 48
-60 25 94
-16 -52 -10
33 13 64
-100 62 -83
-67 35 -72
-2 -31 -41
53 -28 -29
-81 77 6
16 1 13
-11 58 -88
64 70 -17
-37 -7 92
13 28 -72
34 36 -49
-6 -62 -85
13 -8 57
-83 -26 -13
35 -10 2
87 -50 38
-69 -88 -68
-1 48 -63
27 28 -96
84 82 67
-45 -69 -5
-4 -99 -89
-4 16 -51
52 -73 -6
63 40 61
-61 35 -7
-51 50 -10
58 16 -84
54 60 -65
-26 100 -46
-57 -96 -34
17 -68 -51
65 1 83
6 74 -51
37 82 -26
-46 -8 -66
53 59 -44
-60 96 71
97 4 88
63 26 63
-35 78 -25
-50 -78 -54
-84 42 -65
-61 -83 -97
95 -74 33
-18 7 -50
-99 -86 -61
-53 -46 -72
-88 85 -54
91 2 -22
-43 85 96
39 17 85
-47 68 36
-18 -28 98
-85 -35 -13
3 -19 64
41 -48 -25
86 75 -93
-71 -12 90
-81 48 62
97 38 -4
-39 59 -97
5 14 61
-59 -16 5
6 -55 39
95 -4 9
-45 24 -78
-24 -92 76
89 -14 -100
35 38 90
17 44 -47
54 45 -24
-26 30 5
-99 -85 100
94 97 24
49 -49 37
25 -45 65
-96 63 -69
-75 -24 80
25 93 -87
-66 -4 -21
5 13 46
9 -61 -55
75 -8 -46
53 81 93
-20 2 53
35 -20 55
55 31 -97
44 16 -26
-95 29 51
-43 38 -69
-52 -17 -48
-9 15 17
12 32 -12
79 16 85
22 -46 -66
65 -89 4
-42 -61 -93
-15 -57 17
-65 -89 38
-30 96 -33
-62 -49 -66
-18 -56 75
-35 22 -98
83 18 76
-18 77 42
45 -27 -77
63 74 55
-5 -86 90
-90 -100 71
-81 -11 15
-21 3 -86
77 50 73
82 -91 90
-13 60 89
98 -74 -8
-19 56 -32
57 41 47
-6 -16 6
66 -79 18
-11 -85 86
9 -58 -84
-22 -11 -40
76 51 -92
23 -25 99
73 32 58
83 12 4
-20 -61 85
65 95 29
-92 34 -53
74 33 -68
37 36 0
-1 -87 16
-56 35 81
42 6 2
7 -40 82
49 23 -77
75 38 -84
-10 -96 -1
-81 -53 47
-12 -63 -36
66 -36 -84
-95 -88 -96
-22 55 99
89 47 83
12 -99 -44
-3 -39 54
16 -58 47